日期,證券代號,證券名稱,收盤價,殖利率(%),股利年度,本益比,股價淨值比,財報年/季
20260730,1102,亞泥,33.2,6.93,114,11.14,0.66,2026Q1
20260730,1103,嘉泥,13.15,3.95,114,16.44,0.48,2026Q1
20260730,1104,環泥,27.2,6.8,114,10.63,0.75,2026Q1
20260730,1108,幸福,11.85,8.44,114,5.87,0.88,2026Q1
20260730,1109,信大,13.8,6.52,114,17.47,0.56,2026Q1
20260730,1110,東泥,16.1,1.86,114,50.31,0.97,2026Q1
20260730,1201,味全,12.4,1.69,114,32.63,0.81,2026Q1
20260730,1203,味王,48.95,2.04,114,28.46,1.79,2026Q1
20260730,1210,大成,57.4,5.23,114,13.6,1.91,2026Q1
20260730,1215,卜蜂,107.0,6.54,114,11.53,2.98,2026Q1
20260730,1216,統一,75.6,3.97,114,20.43,2.97,2026Q1
20260730,1217,愛之味,9.94,2.52,114,20.71,0.66,2026Q1
20260730,1218,泰山,16.25,8.12,114,10.55,0.63,2026Q1
20260730,1219,福壽,11.65,4.29,114,24.79,0.86,2026Q1
20260730,1220,台榮,11.2,1.79,114,560.0,0.86,2026Q1
20260730,1225,福懋油,26.25,3.81,114,15.35,1.58,2026Q1
20260730,1227,佳格,29.95,4.47,114,20.51,1.42,2026Q1
20260730,1229,聯華,40.45,4.94,114,15.56,1.3,2026Q1
20260730,1231,聯華食,82.0,3.05,114,18.64,3.24,2026Q1
20260730,1232,大統益,156.0,4.62,114,17.28,4.53,2026Q2
20260730,1233,天仁,28.95,0.69,114,35.3,1.88,2026Q1
20260730,1234,黑松,34.15,4.83,114,20.45,0.75,2026Q1
20260730,1256,鮮活果汁-KY,173.5,3.8,114,13.1,1.49,2026Q1
20260730,1303,南亞,145.0,0.55,114,62.77,3.0,2026Q1
20260730,1307,三芳,30.65,7.18,114,11.19,1.25,2026Q1
20260730,1315,達新,63.4,7.1,114,41.17,0.59,2026Q1
20260730,1319,東陽,71.4,7.0,114,12.82,1.45,2026Q1
20260730,1323,永裕,19.65,4.58,114,35.09,0.7,2026Q1
20260730,1326,台化,56.4,1.06,114,376.0,0.88,2026Q1
20260730,1339,昭輝,43.6,5.73,114,10.31,0.79,2026Q1
20260730,1341,富林-KY,58.0,6.9,114,14.22,2.58,2026Q1
20260730,1342,八貫,102.5,5.85,114,17.23,3.82,2026Q1
20260730,1402,遠東新,27.15,4.6,114,16.86,0.62,2026Q1
20260730,1409,新纖,20.2,4.46,114,14.96,0.78,2026Q1
20260730,1410,南染,25.3,0.79,114,46.85,1.5,2026Q1
20260730,1414,東和,18.1,1.1,114,62.41,1.25,2026Q1
20260730,1416,廣豐,10.7,5.33,114,12.44,0.44,2026Q1
20260730,1417,嘉裕,8.18,3.06,114,18.18,0.66,2026Q1
20260730,1419,新紡,68.4,2.63,114,5.2,1.0,2026Q1
20260730,1423,利華,35.35,10.18,114,9.38,0.95,2026Q1
20260730,1432,大魯閣,15.05,13.29,114,2.76,1.02,2026Q1
20260730,1434,福懋,17.35,2.88,114,28.92,0.64,2026Q1
20260730,1436,華友聯,35.5,14.23,114,8.26,1.26,2026Q1
20260730,1437,勤益控,31.45,3.05,114,11.35,0.77,2026Q1
20260730,1438,三地開發,23.2,0.86,114,8.41,0.8,2026Q1
20260730,1439,雋揚,27.05,1.85,114,8.78,0.84,2026Q1
20260730,1442,名軒,29.85,8.04,114,15.23,1.35,2026Q1
20260730,1446,宏和,13.6,11.03,114,8.0,0.66,2026Q1
20260730,1451,年興,17.4,5.75,114,19.55,0.47,2026Q1
20260730,1453,大將,11.0,2.73,114,100.0,0.87,2026Q1
20260730,1457,宜進,14.25,7.02,114,15.66,0.65,2026Q1
20260730,1464,得力,10.3,2.43,114,27.84,0.79,2026Q1
20260730,1470,大統新創,22.95,2.83,114,26.38,2.0,2026Q1
20260730,1474,弘裕,10.05,2.49,114,41.88,0.59,2026Q1
20260730,1475,業旺,27.1,5.54,114,10.63,1.18,2026Q1
20260730,1476,儒鴻,352.0,4.26,114,17.03,3.51,2026Q1
20260730,1477,聚陽,221.0,6.79,114,15.96,4.19,2026Q1
20260730,1503,士電,183.0,2.73,114,27.27,2.51,2026Q1
20260730,1504,東元,60.5,3.31,114,26.89,1.69,2026Q1
20260730,1513,中興電,147.0,4.08,114,17.86,3.37,2026Q1
20260730,1514,亞力,92.0,2.39,114,26.82,3.81,2026Q1
20260730,1515,力山,27.4,2.19,114,27.96,1.28,2026Q1
20260730,1519,華城,663.0,1.81,114,45.57,25.42,2026Q1
20260730,1521,大億,24.75,3.03,114,34.86,1.02,2026Q1
20260730,1522,堤維西,27.0,4.44,114,87.1,0.92,2026Q1
20260730,1524,耿鼎,25.4,5.51,114,16.93,1.46,2026Q1
20260730,1525,江申,68.0,4.12,114,42.5,0.98,2026Q1
20260730,1527,鑽全,33.65,4.46,114,36.98,0.95,2026Q1
20260730,1529,樂事綠能,16.65,6.01,114,14.61,1.41,2026Q1
20260730,1530,亞崴,27.0,3.7,114,23.48,0.79,2026Q1
20260730,1532,勤美,22.55,3.55,114,19.27,0.63,2026Q1
20260730,1535,中宇,45.55,6.59,114,11.71,1.42,2026Q1
20260730,1537,廣隆,126.0,5.71,114,16.58,2.24,2026Q1
20260730,1540,喬福,18.8,5.32,114,20.22,1.07,2026Q1
20260730,1558,伸興,91.9,5.44,114,16.35,1.12,2026Q1
20260730,1560,中砂,582.0,0.85,114,57.4,10.52,2026Q1
20260730,1563,巧新,52.9,3.78,114,120.23,1.4,2026Q1
20260730,1568,倉佑,25.9,3.86,114,19.33,1.45,2026Q1
20260730,1582,信錦,62.5,4.8,114,22.73,1.2,2026Q1
20260730,1583,程泰,49.6,2.02,114,17.78,0.95,2026Q1
20260730,1590,亞德客-KY,1340.0,2.17,114,29.33,5.27,2026Q1
20260730,1597,直得,104.0,0.67,114,87.39,3.79,2026Q1
20260730,1603,華電,28.4,7.04,114,10.56,0.6,2026Q1
20260730,1604,聲寶,23.5,6.38,114,14.24,1.01,2026Q1
20260730,1605,華新,28.6,1.75,114,20.88,0.77,2026Q1
20260730,1608,華榮,26.95,7.42,114,4.89,1.17,2026Q1
20260730,1609,大亞,32.5,2.15,114,13.6,1.45,2026Q1
20260730,1611,中電,11.35,7.05,114,283.75,0.93,2026Q1
20260730,1612,宏泰,29.6,8.45,114,9.87,1.15,2026Q1
20260730,1614,三洋電,30.95,3.13,114,23.45,1.44,2026Q1
20260730,1615,大山,41.75,6.23,114,8.81,1.68,2026Q1
20260730,1616,億泰,18.0,7.56,114,14.63,1.5,2026Q1
20260730,1617,榮星,15.5,3.87,114,17.61,1.15,2026Q1
20260730,1618,合機,36.5,4.66,114,8.02,1.09,2026Q1
20260730,1623,大東電,205.0,3.9,114,16.56,3.38,2026Q1
20260730,1702,南僑,34.2,4.68,114,47.5,0.71,2026Q1
20260730,1707,葡萄王,91.1,6.59,114,11.39,1.35,2026Q1
20260730,1708,東鹼,46.2,3.46,114,13.71,1.55,2026Q1
20260730,1709,和益,22.55,4.43,114,16.22,1.23,2026Q1
20260730,1712,興農,39.75,6.29,114,16.03,2.13,2026Q1
20260730,1713,國化,46.15,6.72,114,10.3,1.73,2026Q1
20260730,1714,和桐,12.6,1.43,114,19.69,0.97,2026Q1
20260730,1717,長興,55.7,1.8,114,37.64,2.27,2026Q1
20260730,1720,生達,57.5,5.22,114,10.65,1.7,2026Q1
20260730,1722,台肥,45.8,4.37,114,44.04,0.82,2026Q1
20260730,1723,中碳,84.2,2.2,114,33.95,2.43,2026Q1
20260730,1725,元禎,28.75,3.72,114,17.75,0.78,2026Q1
20260730,1726,永記,77.8,4.76,114,13.12,1.16,2026Q1
20260730,1727,中華化,62.3,0.24,114,168.38,3.78,2026Q1
20260730,1730,花仙子,51.0,5.88,114,11.02,1.5,2026Q1
20260730,1731,美吾華,20.5,5.95,114,14.64,1.23,2026Q1
20260730,1732,毛寶,26.0,2.31,114,28.89,2.24,2026Q1
20260730,1733,五鼎,31.75,4.09,114,17.45,1.74,2026Q1
20260730,1734,杏輝,31.7,5.05,114,18.43,1.7,2026Q1
20260730,1735,日勝化,18.2,3.57,114,22.47,1.14,2026Q1
20260730,1736,喬山,127.5,3.53,114,15.49,2.75,2026Q1
20260730,1737,臺鹽,32.05,4.37,114,16.11,0.93,2026Q1
20260730,1752,南光,31.6,5.06,114,15.57,1.36,2026Q1
20260730,1760,寶齡富錦,58.0,3.45,114,23.29,2.71,2026Q1
20260730,1773,勝一,146.5,2.73,114,18.27,3.84,2026Q2
20260730,1776,展宇,16.7,3.59,114,34.08,1.16,2026Q1
20260730,1783,和康生,39.8,5.03,114,13.18,2.2,2026Q1
20260730,1786,科妍,48.5,3.94,114,28.53,1.95,2026Q1
20260730,1789,神隆,19.1,1.52,114,136.43,1.46,2026Q1
20260730,1795,美時,173.0,1.55,114,11.8,1.89,2026Q1
20260730,1806,冠軍,7.94,1.89,114,56.71,0.59,2026Q1
20260730,1808,潤隆,32.45,4.62,114,12.11,2.12,2026Q1
20260730,1809,中釉,29.8,0.84,114,156.84,1.68,2026Q1
20260730,1810,和成,23.5,0.85,114,6.22,0.88,2026Q1
20260730,1817,凱撒衛,38.55,5.71,114,9.2,1.19,2026Q1
20260730,1904,正隆,21.25,2.12,114,17.42,0.79,2026Q1
20260730,1907,永豐餘,29.0,3.45,114,20.71,0.62,2026Q1
20260730,2006,東和鋼鐵,73.4,5.86,114,11.07,1.65,2026Q1
20260730,2008,高興昌,31.0,3.23,114,41.33,1.57,2026Q1
20260730,2009,第一銅,34.3,1.17,114,60.18,1.49,2026Q1
20260730,2010,春源,20.9,9.57,114,8.97,1.12,2026Q1
20260730,2013,中鋼構,40.5,5.93,114,12.54,1.39,2026Q1
20260730,2015,豐興,66.5,4.96,114,15.54,1.75,2026Q2
20260730,2020,美亞,21.2,8.49,114,10.93,1.38,2026Q1
20260730,2027,大成鋼,43.7,3.43,114,12.78,1.3,2026Q1
20260730,2028,威致,15.15,1.32,114,43.29,1.03,2026Q1
20260730,2029,盛餘,20.65,2.91,114,33.31,0.66,2026Q1
20260730,2030,彰源,16.95,2.95,114,25.68,0.93,2026Q1
20260730,2031,新光鋼,38.5,6.49,114,8.42,1.17,2026Q1
20260730,2032,新鋼,15.55,3.22,114,18.08,1.16,2026Q1
20260730,2049,上銀,283.0,0.71,114,61.66,2.67,2026Q1
20260730,2059,川湖,7140.0,0.71,114,62.94,21.58,2026Q1
20260730,2062,橋椿,18.3,5.46,114,87.14,0.48,2026Q1
20260730,2069,運錩,17.95,5.57,114,9.76,0.69,2026Q1
20260730,2072,世紀風電,147.0,4.82,114,11.25,1.21,2026Q1
20260730,2101,南港,32.45,2.16,114,10.47,1.74,2026Q1
20260730,2103,台橡,20.5,1.32,114,30.6,0.83,2026Q1
20260730,2105,正新,30.55,5.89,114,18.86,1.17,2026Q1
20260730,2106,建大,18.3,3.55,114,107.65,0.89,2026Q1
20260730,2107,厚生,25.55,5.48,114,17.74,0.58,2026Q1
20260730,2108,南帝,26.55,3.77,114,30.52,0.91,2026Q1
20260730,2109,華豐,14.2,7.04,114,11.83,1.14,2026Q1
20260730,2114,鑫永銓,87.0,5.75,114,15.13,2.07,2026Q1
20260730,2115,六暉-KY,21.7,6.91,114,17.09,0.68,2026Q1
20260730,2201,裕隆,27.15,2.06,114,31.94,0.45,2026Q1
20260730,2204,中華,52.2,6.9,114,9.63,0.78,2026Q1
20260730,2206,三陽工業,64.7,4.73,114,11.41,1.83,2026Q1
20260730,2207,和泰車,551.0,3.63,114,16.14,3.87,2026Q1
20260730,2211,長榮鋼,88.4,7.35,114,10.81,1.35,2026Q1
20260730,2227,裕日車,50.2,1.67,114,53.98,0.82,2026Q1
20260730,2228,劍麟,76.9,5.85,114,18.01,1.18,2026Q1
20260730,2233,宇隆,173.5,2.31,114,27.67,2.62,2026Q1
20260730,2247,汎德永業,230.5,6.29,114,14.52,1.5,2026Q1
20260730,2248,華勝-KY,57.5,5.41,114,9.71,1.53,2026Q1
20260730,2250,IKKA-KY,55.0,5.45,114,16.32,0.93,2026Q1
20260730,2301,光寶科,190.0,2.63,114,27.94,4.89,2026Q1
20260730,2302,麗正,33.45,1.05,114,42.34,3.11,2026Q1
20260730,2303,聯電,110.0,2.37,114,16.54,3.11,2026Q2
20260730,2308,台達電,1530.0,0.76,114,48.7,13.53,2026Q2
20260730,2312,金寶,27.65,2.17,114,26.59,1.85,2026Q1
20260730,2313,華通,154.0,1.82,114,27.16,3.92,2026Q1
20260730,2316,楠梓電,129.5,1.54,114,8.39,1.71,2026Q1
20260730,2317,鴻海,229.5,3.12,114,16.3,1.81,2026Q1
20260730,2323,中環,9.38,2.13,114,4.3,0.54,2026Q1
20260730,2324,仁寶,33.75,3.26,114,25.38,1.12,2026Q1
20260730,2327,國巨*,456.5,1.31,114,35.94,5.63,2026Q1
20260730,2328,廣宇,38.8,2.32,114,39.59,1.34,2026Q1
20260730,2329,華泰,37.55,2.66,114,16.76,1.51,2026Q2
20260730,2330,台積電,2205.0,1.0,114,29.65,9.71,2026Q1
20260730,2344,華邦電,118.5,0.42,114,35.16,4.57,2026Q1
20260730,2345,智邦,1935.0,0.78,114,36.59,16.56,2026Q1
20260730,2347,聯強,86.1,4.88,114,14.97,1.83,2026Q1
20260730,2348,海悅,76.3,7.21,114,18.39,1.66,2026Q1
20260730,2351,順德,133.5,0.77,114,59.07,3.36,2026Q1
20260730,2352,佳世達,26.45,3.78,114,42.66,1.43,2026Q1
20260730,2353,宏碁,27.9,4.66,114,21.14,1.15,2026Q1
20260730,2354,鴻準,53.1,2.82,114,25.17,0.7,2026Q1
20260730,2355,敬鵬,34.5,2.9,114,20.41,0.77,2026Q1
20260730,2356,英業達,57.5,3.48,114,21.86,2.81,2026Q1
20260730,2357,華碩,737.0,5.7,114,13.17,1.91,2026Q1
20260730,2359,所羅門,123.5,0.81,114,63.66,3.68,2026Q1
20260730,2360,致茂,1910.0,1.02,114,60.23,29.17,2026Q1
20260730,2362,藍天,41.45,4.83,114,18.5,0.54,2026Q1
20260730,2363,矽統,44.8,1.34,114,26.35,1.13,2026Q1
20260730,2364,倫飛,67.7,4.43,114,17.31,4.54,2026Q1
20260730,2365,昆盈,26.0,1.15,114,66.67,1.86,2026Q1
20260730,2368,金像電,721.0,1.36,114,32.55,10.57,2026Q1
20260730,2373,震旦行,53.8,6.88,114,13.79,1.72,2026Q1
20260730,2374,佳能,59.6,3.36,114,21.44,2.25,2026Q1
20260730,2375,凱美,106.0,1.13,114,32.22,1.15,2026Q1
20260730,2376,技嘉,318.5,3.77,114,14.88,3.3,2026Q1
20260730,2377,微星,136.0,3.09,114,14.21,2.09,2026Q1
20260730,2379,瑞昱,697.0,3.59,114,25.09,7.95,2026Q1
20260730,2382,廣達,279.0,5.59,114,14.03,5.18,2026Q1
20260730,2383,台光電,4315.0,0.58,114,67.47,26.5,2026Q2
20260730,2385,群光,104.5,6.89,114,11.79,1.84,2026Q1
20260730,2387,精元,37.4,10.7,114,13.12,0.7,2026Q1
20260730,2388,威盛,65.3,0.08,114,362.78,1.66,2026Q1
20260730,2393,億光,61.4,7.33,114,14.65,1.32,2026Q1
20260730,2395,研華,547.0,2.04,114,42.44,9.57,2026Q1
20260730,2397,友通,52.7,4.65,114,22.72,1.87,2026Q1
20260730,2402,毅嘉,48.4,4.13,114,24.82,2.09,2026Q1
20260730,2404,漢唐,1010.0,3.96,114,18.77,13.26,2026Q1
20260730,2408,南亞科,328.0,0.41,114,29.36,5.27,2026Q1
20260730,2409,友達,22.2,1.8,114,69.38,1.12,2026Q1
20260730,2412,中華電,140.5,3.7,114,27.93,2.75,2026Q1
20260730,2413,環科,34.6,1.45,114,44.94,2.12,2026Q1
20260730,2414,精技,54.7,5.48,114,15.5,2.59,2026Q1
20260730,2415,錩新,29.35,5.42,114,15.29,1.49,2026Q1
20260730,2417,圓剛,37.0,0.68,114,142.31,1.71,2026Q1
20260730,2420,新巨,53.1,5.65,114,13.48,1.95,2026Q1
20260730,2421,建準,120.5,4.35,114,14.71,3.04,2026Q1
20260730,2423,固緯,66.9,3.74,114,18.79,3.45,2026Q1
20260730,2427,三商電,21.9,3.2,114,17.11,1.26,2026Q1
20260730,2428,興勤,199.0,2.96,114,18.09,2.17,2026Q1
20260730,2430,燦坤,16.95,4.72,114,35.31,0.46,2026Q1
20260730,2432,倚天酷碁-創,28.1,6.05,114,14.64,1.58,2026Q1
20260730,2433,互盛電,41.6,6.49,114,13.64,1.96,2026Q1
20260730,2436,偉詮電,50.5,3.88,114,14.99,2.29,2026Q1
20260730,2439,美律,80.9,4.94,114,16.44,1.21,2026Q1
20260730,2441,超豐,93.6,3.21,114,20.04,2.11,2026Q1
20260730,2442,新美齊,19.2,14.06,114,3.66,0.83,2026Q1
20260730,2449,京元電子,203.5,0.74,114,27.61,4.57,2026Q1
20260730,2450,神腦,28.65,5.41,114,18.73,1.21,2026Q1
20260730,2451,創見,269.5,4.37,114,4.69,3.02,2026Q2
20260730,2453,凌群,50.6,5.53,114,16.11,2.48,2026Q1
20260730,2454,聯發科,3235.0,1.65,114,51.55,13.23,2026Q1
20260730,2455,全新,265.5,0.99,114,83.75,13.39,2026Q1
20260730,2458,義隆,148.0,4.78,114,16.3,4.38,2026Q1
20260730,2459,敦吉,63.6,6.6,114,12.16,1.21,2026Q1
20260730,2462,良得電,19.15,1.04,114,273.57,0.86,2026Q1
20260730,2467,志聖,443.0,1.24,114,58.91,8.31,2026Q1
20260730,2468,華經,31.4,3.18,114,24.53,1.69,2026Q1
20260730,2471,資通,47.2,7.01,114,12.32,2.3,2026Q1
20260730,2472,立隆電,203.0,1.72,114,23.47,3.48,2026Q1
20260730,2474,可成,178.5,5.75,114,17.1,0.7,2026Q1
20260730,2476,鉅祥,105.5,2.82,114,24.14,2.48,2026Q1
20260730,2477,美隆電,21.4,6.54,114,13.21,0.83,2026Q1
20260730,2478,大毅,99.9,2.0,114,26.93,1.96,2026Q1
20260730,2480,敦陽科,158.5,4.92,114,18.89,5.64,2026Q1
20260730,2481,強茂,107.0,1.68,114,33.97,2.82,2026Q1
20260730,2483,百容,32.05,0.94,114,34.84,1.33,2026Q1
20260730,2484,希華,57.6,1.22,114,77.84,2.24,2026Q1
20260730,2486,一詮,171.0,0.29,114,335.29,7.59,2026Q1
20260730,2488,漢平,48.7,6.16,114,10.5,1.34,2026Q1
20260730,2489,瑞軒,24.5,4.9,114,22.48,1.15,2026Q1
20260730,2492,華新科,198.5,1.26,114,38.03,1.8,2026Q1
20260730,2493,揚博,165.5,2.42,114,39.13,7.23,2026Q1
20260730,2495,普安,31.85,2.51,114,28.19,1.86,2026Q1
20260730,2496,卓越,58.1,8.61,114,9.08,1.29,2026Q1
20260730,2497,怡利電,44.45,4.5,114,19.67,1.88,2026Q1
20260730,2498,宏達電,37.85,1.32,114,18.29,1.17,2026Q1
20260730,2501,國建,22.4,5.36,114,5.79,0.82,2026Q1
20260730,2504,國產,31.85,8.16,114,9.68,1.34,2026Q1
20260730,2505,國揚,17.6,5.68,114,8.84,0.63,2026Q1
20260730,2511,太子,8.22,3.65,114,23.49,0.51,2026Q1
20260730,2515,中工,11.65,4.29,114,24.27,0.81,2026Q1
20260730,2520,冠德,35.1,4.62,114,14.56,0.86,2026Q1
20260730,2527,宏璟,40.55,3.7,114,8.0,0.49,2026Q1
20260730,2528,皇普,19.3,15.54,114,8.08,1.17,2026Q1
20260730,2530,華建,21.1,8.77,114,10.77,1.77,2026Q1
20260730,2534,宏盛,17.2,8.72,114,16.7,0.54,2026Q1
20260730,2535,達欣工,86.4,5.32,114,10.36,2.27,2026Q1
20260730,2536,宏普,18.35,10.9,114,5.54,0.48,2026Q1
20260730,2538,基泰,9.56,5.23,114,26.56,0.74,2026Q1
20260730,2539,櫻花建,42.95,6.52,114,15.18,2.74,2026Q1
20260730,2540,愛山林,58.9,10.19,114,98.17,3.39,2026Q1
20260730,2542,興富發,44.35,9.02,114,13.65,1.7,2026Q1
20260730,2543,皇昌,35.55,4.3,114,14.33,1.87,2026Q1
20260730,2545,皇翔,32.7,8.56,114,22.09,0.83,2026Q1
20260730,2546,根基,98.5,6.09,114,10.36,2.08,2026Q1
20260730,2547,日勝生,10.35,7.73,114,73.93,0.75,2026Q1
20260730,2548,華固,99.1,8.58,114,7.73,1.54,2026Q1
20260730,2597,潤弘,161.5,5.99,114,14.22,5.39,2026Q1
20260730,2603,長榮,201.0,7.96,114,8.78,0.75,2026Q1
20260730,2605,新興,29.95,3.34,114,14.33,0.99,2026Q1
20260730,2606,裕民,60.7,4.61,114,11.65,1.26,2026Q1
20260730,2607,榮運,47.15,5.73,114,9.97,0.8,2026Q1
20260730,2608,嘉里大榮,29.55,5.58,114,14.7,1.09,2026Q1
20260730,2609,陽明,50.0,4.0,114,16.23,0.53,2026Q1
20260730,2610,華航,21.7,3.73,114,8.48,1.29,2026Q1
20260730,2611,志信,13.1,3.97,114,10.0,0.93,2026Q1
20260730,2612,中航,50.0,4.4,114,9.11,0.73,2026Q1
20260730,2613,中櫃,20.15,4.96,114,18.49,0.87,2026Q1
20260730,2614,東森,17.85,6.72,114,8.75,1.36,2026Q1
20260730,2615,萬海,84.4,3.55,114,7.79,0.83,2026Q1
20260730,2617,台航,28.1,5.34,114,8.49,0.64,2026Q1
20260730,2618,長榮航,41.75,4.79,114,7.92,1.67,2026Q1
20260730,2630,亞航,45.95,1.96,114,48.88,2.85,2026Q1
20260730,2633,台灣高鐵,26.3,4.37,114,21.74,1.98,2026Q1
20260730,2634,漢翔,58.6,1.33,114,73.25,3.04,2026Q1
20260730,2636,台驊控股,65.2,7.67,114,9.55,0.95,2026Q1
20260730,2637,慧洋-KY,78.1,4.48,114,10.98,1.16,2026Q1
20260730,2645,長榮航太,176.0,2.84,114,26.87,5.21,2026Q1
20260730,2701,萬企,10.6,2.64,114,18.6,0.57,2026Q1
20260730,2704,國賓,48.0,1.04,114,26.82,0.67,2026Q1
20260730,2706,第一店,12.55,2.79,114,18.73,0.61,2026Q1
20260730,2707,晶華,180.5,5.96,114,12.89,6.5,2026Q1
20260730,2727,王品,232.0,6.95,114,13.94,5.01,2026Q1
20260730,2731,雄獅,144.5,8.86,114,8.46,2.52,2026Q1
20260730,2739,寒舍,34.85,7.4,114,11.5,2.13,2026Q1
20260730,2748,雲品,38.1,4.59,114,18.32,1.37,2026Q1
20260730,2753,八方雲集,179.0,6.7,114,13.29,3.36,2026Q1
20260730,2762,世界健身-KY,88.0,6.76,114,16.6,3.61,2026Q1
20260730,2801,彰銀,24.8,4.23,114,15.5,1.29,2026Q1
20260730,2812,台中銀,20.65,5.13,114,13.32,1.33,2026Q1
20260730,2816,旺旺保,33.0,4.55,114,5.24,0.87,2026Q1
20260730,2820,華票,16.65,5.41,114,10.95,0.8,2026Q1
20260730,2832,台產,57.4,6.1,114,11.04,1.19,2026Q1
20260730,2834,臺企銀,18.1,5.52,114,13.82,1.18,2026Q1
20260730,2836,高雄銀,12.15,3.7,114,16.42,0.84,2026Q1
20260730,2838,聯邦銀,20.6,5.15,114,14.61,1.11,2026Q1
20260730,2845,遠東銀,13.45,4.68,114,15.28,0.92,2026Q1
20260730,2849,安泰銀,15.3,3.33,114,17.79,0.82,2026Q1
20260730,2850,新產,157.0,4.63,114,11.21,2.27,2026Q1
20260730,2851,中再保,34.0,6.47,114,6.56,1.16,2026Q1
20260730,2852,第一保,26.6,6.24,114,8.64,0.85,2026Q1
20260730,2855,統一證,40.1,5.26,114,8.97,1.54,2026Q1
20260730,2880,華南金,42.65,3.4,114,20.6,2.44,2026Q1
20260730,2881,富邦金,124.0,3.43,114,17.06,1.9,2026Q1
20260730,2882,國泰金,95.2,3.68,114,14.45,1.9,2026Q1
20260730,2883,凱基金,28.95,3.45,114,16.26,1.45,2026Q1
20260730,2884,玉山金,37.7,3.71,114,17.14,2.14,2026Q1
20260730,2885,元大金,63.1,3.49,114,19.42,2.34,2026Q1
20260730,2886,兆豐金,51.5,3.4,114,20.93,1.9,2026Q1
20260730,2887,台新新光金,33.15,3.32,114,16.25,1.45,2026Q1
20260730,2889,國票金,15.65,3.77,114,20.32,1.22,2026Q1
20260730,2890,永豐金,38.85,3.35,114,18.59,2.12,2026Q1
20260730,2891,中信金,63.1,3.96,114,15.2,2.26,2026Q1
20260730,2892,第一金,35.5,3.66,114,18.21,1.71,2026Q1
20260730,2897,王道銀行,10.25,5.07,114,15.07,0.7,2026Q1
20260730,2901,欣欣,23.75,1.56,114,57.93,1.95,2026Q1
20260730,2903,遠百,22.55,5.54,114,13.92,1.01,2026Q1
20260730,2904,匯僑,13.3,5.26,114,22.93,0.84,2026Q1
20260730,2905,三商,16.6,1.81,114,26.35,0.59,2026Q1
20260730,2906,高林,13.2,4.55,114,29.33,0.82,2026Q1
20260730,2908,特力,22.0,2.5,114,55.0,1.62,2026Q1
20260730,2910,統領,26.65,3.9,114,21.84,1.77,2026Q1
20260730,2912,統一超,230.0,3.91,114,20.72,5.84,2026Q2
20260730,2915,潤泰全,51.4,3.7,114,6.03,0.48,2026Q1
20260730,2945,三商家購,41.35,3.63,114,18.38,1.45,2026Q1
20260730,3002,歐格,15.1,2.19,114,45.76,1.21,2026Q1
20260730,3003,健和興,53.5,1.87,114,52.97,1.3,2026Q1
20260730,3004,豐達科,125.5,2.03,114,23.5,2.22,2026Q1
20260730,3005,神基,110.0,6.17,114,13.5,2.93,2026Q1
20260730,3006,晶豪科,164.0,0.61,114,5.17,2.46,2026Q2
20260730,3008,大立光,3715.0,2.15,114,23.19,2.63,2026Q1
20260730,3010,華立,108.0,4.91,114,11.51,1.18,2026Q1
20260730,3013,晟銘電,71.9,1.11,114,15.77,2.68,2026Q1
20260730,3014,聯陽,119.5,7.11,114,12.92,3.2,2026Q1
20260730,3015,全漢,48.9,4.5,114,24.09,0.78,2026Q1
20260730,3016,嘉晶,74.4,0.67,114,181.46,4.38,2026Q1
20260730,3017,奇鋐,2110.0,1.0,114,34.67,18.34,2026Q1
20260730,3019,亞光,119.0,3.87,114,17.35,2.33,2026Q1
20260730,3021,鴻名,19.1,3.14,114,32.93,1.15,2026Q1
20260730,3022,威強電,83.5,4.19,114,23.65,1.28,2026Q1
20260730,3023,信邦,273.0,3.66,114,20.42,4.03,2026Q2
20260730,3024,憶聲,11.85,1.86,114,131.67,1.08,2026Q1
20260730,3025,星通,50.2,6.37,114,12.55,3.09,2026Q1
20260730,3026,禾伸堂,427.5,1.36,114,55.09,7.32,2026Q1
20260730,3028,增你強,57.1,5.25,114,11.17,2.13,2026Q1
20260730,3029,零壹,101.5,5.42,114,14.93,3.34,2026Q1
20260730,3030,德律,249.0,2.81,114,21.56,5.62,2026Q1
20260730,3031,佰鴻,19.95,5.01,114,17.81,1.21,2026Q1
20260730,3033,威健,42.1,4.56,114,16.01,1.91,2026Q1
20260730,3034,聯詠,491.0,4.68,114,20.12,4.15,2026Q1
20260730,3035,智原,150.5,1.2,114,59.25,2.29,2026Q2
20260730,3036,文曄,183.5,4.25,114,13.01,2.06,2026Q1
20260730,3037,欣興,716.0,0.28,114,47.67,9.19,2026Q2
20260730,3038,全台,19.85,6.05,114,21.12,1.23,2026Q1
20260730,3042,晶技,137.0,3.5,114,26.15,3.08,2026Q1
20260730,3044,健鼎,342.0,3.71,114,16.62,3.08,2026Q1
20260730,3045,台灣大,114.0,4.16,114,23.12,3.79,2026Q1
20260730,3046,建碁,50.9,5.89,114,12.41,2.59,2026Q1
20260730,3048,益登,42.75,2.34,114,15.38,1.98,2026Q1
20260730,3051,力特,20.35,2.46,114,19.76,1.32,2026Q1
20260730,3052,夆典,10.45,5.74,114,11.0,0.6,2026Q1
20260730,3054,立萬利,45.55,1.76,114,9.37,2.39,2026Q2
20260730,3059,華晶科,36.25,2.76,114,29.47,1.12,2026Q1
20260730,3090,日電貿,114.0,4.21,114,23.75,1.86,2026Q1
20260730,3094,聯傑,31.7,0.79,114,121.92,2.6,2026Q1
20260730,3130,一零四,203.5,7.22,114,13.49,3.7,2026Q1
20260730,3135,凌航,139.5,3.37,114,9.87,3.84,2026Q1
20260730,3138,耀登,81.8,1.89,114,53.12,1.71,2026Q1
20260730,3164,景岳,16.3,4.91,114,31.35,1.09,2026Q1
20260730,3167,大量,442.0,0.88,114,43.08,10.93,2026Q1
20260730,3168,眾福科,40.3,7.44,114,15.04,1.88,2026Q1
20260730,3189,景碩,578.0,0.26,114,162.82,7.06,2026Q1
20260730,3209,全科,52.3,4.78,114,14.57,2.35,2026Q1
20260730,3231,緯創,160.0,3.44,114,16.05,2.68,2026Q1
20260730,3257,虹冠電,46.85,5.98,114,15.77,2.37,2026Q1
20260730,3266,昇陽,13.9,3.6,114,21.72,0.77,2026Q1
20260730,3305,昇貿,90.5,2.52,114,25.49,2.1,2026Q1
20260730,3311,閎暉,31.55,1.9,114,20.35,0.85,2026Q1
20260730,3312,弘憶股,39.65,3.28,114,23.74,1.76,2026Q1
20260730,3338,泰碩,54.8,2.37,114,37.53,2.33,2026Q1
20260730,3356,奇偶,54.0,6.48,114,5.33,1.62,2026Q1
20260730,3376,新日興,160.0,2.5,114,235.29,1.8,2026Q1
20260730,3406,玉晶光,447.5,3.8,114,13.56,1.93,2026Q1
20260730,3413,京鼎,282.5,3.89,114,15.0,1.97,2026Q1
20260730,3416,融程電,159.5,3.2,114,21.85,3.95,2026Q1
20260730,3443,創意,3460.0,0.58,114,88.7,34.43,2026Q2
20260730,3447,展達,25.75,4.27,114,18.01,1.63,2026Q1
20260730,3450,聯鈞,338.5,0.3,114,100.74,9.46,2026Q1
20260730,3481,群創,41.4,2.42,114,376.36,1.46,2026Q1
20260730,3501,維熹,39.9,5.01,114,22.29,0.68,2026Q1
20260730,3515,華擎,189.5,5.8,114,11.96,2.08,2026Q1
20260730,3528,安馳,78.0,1.77,114,25.16,2.49,2026Q1
20260730,3530,晶相光,50.1,1.6,114,24.68,1.56,2026Q1
20260730,3532,台勝科,277.5,0.36,114,351.27,4.44,2026Q1
20260730,3533,嘉澤,1690.0,2.07,114,23.75,4.52,2026Q1
20260730,3563,牧德,561.0,2.5,114,32.92,6.47,2026Q2
20260730,3583,辛耘,594.0,0.97,114,40.27,6.25,2026Q1
20260730,3588,通嘉,46.3,1.08,114,77.17,1.6,2026Q1
20260730,3592,瑞鼎,219.5,6.65,114,13.72,1.55,2026Q1
20260730,3596,智易,168.5,5.34,114,13.32,2.36,2026Q1
20260730,3605,宏致,78.3,2.01,114,22.63,1.61,2026Q1
20260730,3607,谷崧,13.5,5.93,114,34.62,0.97,2026Q1
20260730,3617,碩天,200.0,4.97,114,14.16,2.07,2026Q1
20260730,3622,洋華,50.8,6.3,114,8.7,1.06,2026Q1
20260730,3645,達邁,60.1,2.0,114,31.63,2.42,2026Q1
20260730,3652,精聯,28.4,4.23,114,20.29,1.13,2026Q1
20260730,3653,健策,3135.0,0.69,114,86.72,21.72,2026Q1
20260730,3661,世芯-KY,2785.0,1.23,114,40.82,5.26,2026Q1
20260730,3665,貿聯-KY,1910.0,0.79,114,38.55,7.99,2026Q1
20260730,3669,圓展,37.55,2.66,114,20.63,1.08,2026Q1
20260730,3673,TPK-KY,50.6,3.56,114,13.9,0.51,2026Q1
20260730,3679,新至陞,109.5,8.22,114,12.9,1.47,2026Q1
20260730,3694,海華,49.0,4.69,114,11.61,1.95,2026Q1
20260730,3702,大聯大,105.5,3.6,114,12.88,1.97,2026Q1
20260730,3703,欣陸,20.6,5.1,114,9.9,0.62,2026Q1
20260730,3704,合勤控,39.9,1.0,114,34.7,1.38,2026Q1
20260730,3705,永信,54.0,5.56,114,18.18,1.89,2026Q1
20260730,3706,神達,84.1,4.76,114,16.05,1.68,2026Q1
20260730,3708,上緯投控,87.8,7.4,114,2.15,0.46,2026Q1
20260730,3711,日月光投控,505.0,1.3,114,46.89,6.32,2026Q1
20260730,3715,定穎投控,90.9,1.19,114,93.71,2.4,2026Q1
20260730,3716,中化控股,32.95,3.03,114,12.72,0.62,2026Q1
20260730,3717,聯嘉投控,20.3,0.99,114,253.75,1.25,2026Q1
20260730,4104,佳醫,71.0,6.06,114,16.4,1.39,2026Q1
20260730,4106,雃博,23.15,4.32,114,16.19,0.94,2026Q1
20260730,4119,旭富,48.0,1.56,114,60.0,1.06,2026Q1
20260730,4133,亞諾法,20.9,0.53,114,696.67,1.0,2026Q1
20260730,4137,麗豐-KY,93.9,10.65,114,11.95,1.39,2026Q1
20260730,4148,全宇生技-KY,30.35,3.29,114,14.05,0.75,2026Q1
20260730,4155,訊映,14.4,2.08,114,18.46,0.83,2026Q1
20260730,4164,承業醫,26.0,4.27,114,25.0,0.68,2026Q1
20260730,4169,泰宗,163.0,0.2,114,509.38,8.78,2026Q1
20260730,4306,炎洲,14.05,4.98,114,36.97,0.73,2026Q1
20260730,4438,廣越,60.7,3.79,114,15.37,0.79,2026Q1
20260730,4439,冠星-KY,100.0,4.05,114,12.08,1.08,2026Q1
20260730,4440,宜新實業,17.35,5.76,114,10.15,0.91,2026Q1
20260730,4441,振大環球,170.0,6.35,114,11.92,1.76,2026Q1
20260730,4526,東台,25.2,3.97,114,24.23,1.33,2026Q1
20260730,4532,瑞智,23.5,6.38,114,12.84,1.11,2026Q1
20260730,4536,拓凱,164.5,4.86,114,12.26,1.63,2026Q1
20260730,4551,智伸科,148.5,2.83,114,22.26,1.91,2026Q1
20260730,4552,力達-KY,17.25,3.48,114,11.2,0.31,2026Q1
20260730,4555,氣立,38.35,1.3,114,166.74,0.93,2026Q1
20260730,4560,強信-KY,31.45,6.36,114,11.0,1.02,2026Q1
20260730,4566,時碩工業,62.8,1.08,114,68.26,1.39,2026Q1
20260730,4569,六方科-KY,150.0,2.17,114,30.93,1.67,2026Q1
20260730,4571,鈞興-KY,138.5,3.81,114,15.37,2.13,2026Q1
20260730,4572,駐龍,138.5,3.61,114,52.26,2.98,2026Q1
20260730,4576,大銀微系統,164.5,0.49,114,64.76,4.76,2026Q1
20260730,4581,光隆精密-KY,50.0,6.0,114,11.96,1.32,2026Q1
20260730,4582,聚恆-創,26.7,3.37,114,17.34,1.44,2026Q1
20260730,4583,台灣精銳,450.5,2.22,114,33.44,3.64,2026Q2
20260730,4585,達明,270.0,0.37,114,204.55,4.11,2026Q1
20260730,4588,玖鼎電力,49.0,6.12,114,13.76,2.2,2026Q1
20260730,4590,富田-創,77.5,2.97,114,30.51,1.21,2026Q1
20260730,4720,德淵,17.5,2.29,114,28.69,1.23,2026Q1
20260730,4722,國精化,160.5,0.74,114,94.97,5.26,2026Q1
20260730,4736,泰博,127.0,3.94,114,6.96,1.26,2026Q1
20260730,4739,康普,69.1,1.45,114,21.53,1.39,2026Q1
20260730,4746,台耀,49.35,6.08,114,17.5,0.76,2026Q1
20260730,4755,三福化,103.5,3.57,114,28.67,1.87,2026Q1
20260730,4763,材料*-KY,47.6,6.41,114,9.21,2.18,2026Q1
20260730,4764,雙鍵,236.5,0.42,114,125.8,8.35,2026Q1
20260730,4766,南寶,308.5,5.83,114,14.86,2.85,2026Q1
20260730,4770,上品,212.0,2.83,114,20.95,2.1,2026Q1
20260730,4771,望隼,181.5,3.84,114,13.97,2.51,2026Q1
20260730,4904,遠傳,105.5,3.61,114,26.78,3.97,2026Q1
20260730,4912,聯德控股-KY,79.0,1.18,114,36.07,1.29,2026Q1
20260730,4915,致伸,63.6,7.19,114,12.07,1.38,2026Q1
20260730,4916,事欣科,88.5,0.56,114,15.78,2.99,2026Q1
20260730,4935,茂林-KY,33.7,2.97,114,24.6,0.54,2026Q1
20260730,4938,和碩,80.5,4.98,114,18.51,1.06,2026Q1
20260730,4942,嘉彰,34.3,5.83,114,11.59,0.54,2026Q1
20260730,4949,有成精密,55.0,2.55,114,20.45,2.25,2026Q1
20260730,4952,凌通,43.0,2.33,114,38.74,2.14,2026Q1
20260730,4958,臻鼎-KY,376.0,0.91,114,53.03,3.2,2026Q1
20260730,4961,天鈺,143.0,5.4,114,17.15,0.97,2026Q1
20260730,4967,十銓,212.5,4.71,114,5.44,2.54,2026Q1
20260730,4968,立積,88.6,1.81,114,29.93,2.91,2026Q1
20260730,4977,眾達-KY,106.5,2.05,114,23.61,2.2,2026Q1
20260730,4994,傳奇,93.4,3.21,114,59.87,5.9,2026Q1
20260730,5007,三星,56.5,5.31,114,18.59,2.53,2026Q1
20260730,5203,訊連,62.5,5.9,114,13.95,1.1,2026Q2
20260730,5215,科嘉-KY,37.55,5.33,114,15.33,0.68,2026Q1
20260730,5222,全訊,104.0,2.4,114,55.61,3.94,2026Q1
20260730,5225,東科-KY,70.7,10.2,114,7.64,1.78,2026Q1
20260730,5234,達興材料,293.5,2.21,114,38.12,9.77,2026Q1
20260730,5236,凌陽創新,134.0,6.72,114,14.06,3.5,2026Q1
20260730,5243,乙盛-KY,71.9,3.06,114,14.76,1.4,2026Q1
20260730,5258,虹堡,49.0,2.04,114,14.63,1.23,2026Q1
20260730,5269,祥碩,1305.0,3.48,114,16.01,2.61,2026Q1
20260730,5283,禾聯碩,53.1,3.77,114,8.98,0.97,2026Q1
20260730,5284,jpp-KY,251.5,1.99,114,18.77,3.48,2026Q1
20260730,5285,界霖,64.8,2.31,114,30.86,2.23,2026Q1
20260730,5288,豐祥-KY,185.5,3.5,114,15.42,2.12,2026Q1
20260730,5292,華懋,151.0,4.3,114,14.94,3.52,2026Q1
20260730,5306,桂盟,89.0,4.21,114,14.04,1.21,2026Q1
20260730,5388,中磊,79.1,3.16,114,19.78,1.51,2026Q1
20260730,5434,崇越,475.5,2.82,114,20.17,4.79,2026Q1
20260730,5469,瀚宇博,62.8,4.01,114,10.96,0.81,2026Q1
20260730,5471,松翰,46.8,1.71,114,48.25,2.21,2026Q1
20260730,5515,建國,42.9,7.69,114,7.19,1.52,2026Q1
20260730,5519,隆大,27.9,13.62,114,5.59,1.09,2026Q1
20260730,5521,工信,9.6,1.56,114,14.55,0.83,2026Q1
20260730,5522,遠雄,65.4,8.41,114,6.91,1.07,2026Q1
20260730,5525,順天,22.7,5.29,114,9.04,1.19,2026Q1
20260730,5533,皇鼎,14.3,4.2,114,23.83,0.43,2026Q1
20260730,5534,長虹,78.4,7.02,114,16.0,1.09,2026Q1
20260730,5538,東明-KY,33.5,4.48,114,9.71,0.86,2026Q1
20260730,5607,遠雄港,47.2,3.81,114,14.52,1.53,2026Q1
20260730,5706,鳳凰,44.7,10.16,114,12.56,1.96,2026Q1
20260730,5871,中租-KY,110.5,5.43,114,10.35,1.08,2026Q1
20260730,5876,上海商銀,44.8,4.02,114,14.22,1.04,2026Q1
20260730,5880,合庫金,27.0,3.89,114,19.29,1.5,2026Q1
20260730,5906,台南-KY,39.7,1.76,114,55.14,2.43,2026Q1
20260730,6005,群益證,32.75,5.22,114,9.15,1.48,2026Q1
20260730,6024,群益期,62.9,5.52,114,10.54,1.44,2026Q1
20260730,6112,邁達特,37.9,4.35,114,22.29,1.78,2026Q1
20260730,6115,鎰勝,45.15,6.2,114,15.9,1.52,2026Q1
20260730,6117,迎廣,62.0,3.23,114,13.48,2.43,2026Q1
20260730,6133,金橋,18.95,5.28,114,25.96,1.39,2026Q1
20260730,6136,富爾特,24.1,4.81,114,28.69,0.71,2026Q1
20260730,6139,亞翔,643.0,3.58,114,17.85,6.92,2026Q1
20260730,6155,鈞寶,46.6,1.72,114,93.2,2.55,2026Q1
20260730,6165,浪凡,47.3,10.57,114,11.34,2.83,2026Q1
20260730,6166,凌華,125.5,0.96,114,34.76,4.73,2026Q1
20260730,6176,瑞儀,84.8,4.13,114,9.05,1.08,2026Q1
20260730,6177,達麗,47.45,6.32,114,6.35,1.76,2026Q1
20260730,6183,關貿,91.3,3.89,114,22.54,4.57,2026Q1
20260730,6184,大豐電,42.3,7.09,114,17.85,1.4,2026Q1
20260730,6189,豐藝,44.95,6.01,114,17.09,1.83,2026Q1
20260730,6191,精成科,77.4,3.36,114,12.06,1.4,2026Q1
20260730,6192,巨路,107.0,5.42,114,10.95,1.42,2026Q1
20260730,6196,帆宣,436.0,1.48,114,27.77,5.5,2026Q1
20260730,6197,佳必琪,265.5,2.61,114,25.9,7.1,2026Q1
20260730,6201,亞弘電,48.35,6.41,114,14.7,1.65,2026Q1
20260730,6202,盛群,48.6,1.4,114,40.5,2.77,2026Q2
20260730,6205,詮欣,50.5,2.97,114,30.06,1.61,2026Q1
20260730,6206,飛捷,118.0,4.66,114,16.55,3.04,2026Q1
20260730,6209,今國光,57.9,0.86,114,33.47,2.96,2026Q1
20260730,6213,聯茂,239.5,1.25,114,58.56,4.13,2026Q1
20260730,6214,精誠,143.5,4.18,114,15.04,2.05,2026Q1
20260730,6215,和椿,80.2,1.25,114,28.14,4.09,2026Q1
20260730,6216,居易,21.55,4.78,114,359.17,1.28,2026Q1
20260730,6224,聚鼎,48.2,2.59,114,55.4,1.88,2026Q1
20260730,6235,華孚,34.85,3.44,114,13.46,1.4,2026Q1
20260730,6239,力成,214.5,2.1,114,25.54,2.72,2026Q1
20260730,6257,矽格,173.5,2.45,114,25.93,3.84,2026Q1
20260730,6271,同欣電,149.0,2.01,114,16.76,1.14,2026Q2
20260730,6272,驊陞,23.6,8.56,114,9.75,1.04,2026Q1
20260730,6277,宏正,74.7,4.69,114,22.98,1.92,2026Q1
20260730,6278,台表科,130.5,4.26,114,14.9,1.7,2026Q1
20260730,6281,全國電,51.8,6.37,114,13.89,1.92,2026Q1
20260730,6282,康舒,38.85,2.06,114,77.7,1.48,2026Q1
20260730,6285,啟碁,204.0,2.11,114,30.09,2.82,2026Q1
20260730,6409,旭隼,888.0,4.14,114,25.44,7.54,2026Q1
20260730,6412,群電,75.4,4.91,114,14.5,2.09,2026Q1
20260730,6414,樺漢,403.0,3.42,114,18.73,2.23,2026Q1
20260730,6415,矽力*-KY,375.5,0.68,114,50.47,3.82,2026Q1
20260730,6416,瑞祺電通,86.5,3.24,114,19.01,1.82,2026Q1
20260730,6426,統新,137.5,0.36,114,264.42,5.68,2026Q1
20260730,6438,迅得,126.5,3.95,114,23.17,1.84,2026Q1
20260730,6442,光聖,1050.0,1.07,114,39.61,11.6,2026Q1
20260730,6446,藥華藥,1025.0,0.25,114,64.26,11.06,2026Q1
20260730,6449,鈺邦,191.5,2.19,114,24.9,3.06,2026Q1
20260730,6464,台數科,78.4,2.21,114,19.26,1.21,2026Q1
20260730,6472,保瑞,384.0,2.6,114,30.43,3.36,2026Q1
20260730,6477,安集,32.6,1.07,114,362.22,1.28,2026Q1
20260730,6491,晶碩,321.5,3.11,114,15.46,2.22,2026Q1
20260730,6505,台塑化,71.6,1.68,114,25.66,1.82,2026Q1
20260730,6515,穎崴,5290.0,0.93,114,108.4,29.34,2026Q1
20260730,6525,捷敏-KY,112.0,4.46,114,18.45,3.3,2026Q1
20260730,6526,達發,493.0,2.74,114,28.3,4.61,2026Q1
20260730,6531,愛普*,607.0,1.15,114,61.69,8.37,2026Q1
20260730,6534,正瀚-創,93.8,5.12,114,19.62,3.6,2026Q1
20260730,6579,研揚,149.0,2.52,114,27.34,2.42,2026Q1
20260730,6581,鋼聯,108.0,4.91,114,17.82,2.98,2026Q1
20260730,6585,鼎基,107.5,4.19,114,21.94,2.09,2026Q1
20260730,6591,動力-KY,42.55,9.4,114,9.92,0.81,2026Q1
20260730,6592,和潤企業,60.9,5.42,114,12.38,1.18,2026Q1
20260730,6605,帝寶,131.5,4.94,114,9.86,1.06,2026Q1
20260730,6606,建德工業,25.75,4.0,114,23.62,1.8,2026Q1
20260730,6614,資拓宏宇,36.3,4.55,114,14.58,1.96,2026Q1
20260730,6625,必應,72.9,6.86,114,7.27,2.49,2026Q1
20260730,6641,基士德-KY,17.2,2.33,114,35.83,0.42,2026Q1
20260730,6655,科定,119.5,5.02,114,29.43,3.48,2026Q1
20260730,6658,聯策,130.0,0.92,114,49.81,3.43,2026Q1
20260730,6666,羅麗芬-KY,44.5,4.49,114,20.6,1.2,2026Q1
20260730,6669,緯穎,4900.0,3.35,114,16.43,6.5,2026Q1
20260730,6670,復盛應用,261.5,6.12,114,12.69,2.16,2026Q1
20260730,6671,三能-KY,22.95,5.23,114,10.15,0.8,2026Q1
20260730,6672,騰輝電子-KY,181.0,1.85,114,32.73,3.48,2026Q1
20260730,6689,伊雲谷,55.7,3.59,114,24.65,1.25,2026Q1
20260730,6691,洋基工程,607.0,3.62,114,22.49,12.29,2026Q1
20260730,6715,嘉基,294.5,0.66,114,139.57,5.41,2026Q1
20260730,6719,力智,188.0,2.45,114,26.18,1.38,2026Q1
20260730,6722,輝創,32.9,6.08,114,13.32,1.08,2026Q1
20260730,6743,安普新,29.6,10.14,114,36.1,1.62,2026Q1
20260730,6753,龍德造船,123.0,1.02,114,17.3,2.88,2026Q1
20260730,6754,匯僑設計,41.95,8.34,114,12.95,1.3,2026Q1
20260730,6756,威鋒電子,84.5,1.07,114,55.59,2.02,2026Q1
20260730,6757,台灣虎航,54.9,4.41,114,8.83,3.34,2026Q1
20260730,6768,志強-KY,69.0,7.48,114,13.07,0.89,2026Q1
20260730,6771,平和環保-創,38.05,8.41,114,12.77,1.31,2026Q1
20260730,6776,展碁國際,51.7,5.8,114,12.86,1.79,2026Q1
20260730,6781,AES-KY,842.0,2.27,114,21.52,3.98,2026Q1
20260730,6782,視陽,179.0,4.69,114,12.08,2.68,2026Q1
20260730,6789,采鈺,385.0,0.78,114,82.8,6.48,2026Q1
20260730,6790,永豐實,38.95,6.8,114,12.69,1.71,2026Q1
20260730,6792,詠業,52.0,4.81,114,23.11,1.71,2026Q1
20260730,6799,來頡,71.5,3.5,114,13.86,1.88,2026Q2
20260730,6805,富世達,1230.0,1.02,114,31.39,11.36,2026Q1
20260730,6807,峰源-KY,34.65,7.22,114,10.16,0.74,2026Q1
20260730,6831,邁科,477.5,0.63,114,97.05,12.05,2026Q1
20260730,6834,天二科技,72.6,0.55,114,31.57,4.16,2026Q2
20260730,6835,圓裕,30.0,3.37,114,230.77,1.11,2026Q1
20260730,6861,睿生光電,174.0,1.15,114,35.37,4.67,2026Q1
20260730,6862,三集瑞-KY,117.0,4.27,114,19.18,1.87,2026Q1
20260730,6863,永道-KY,124.5,1.2,114,114.22,1.51,2026Q1
20260730,6873,泓德能源,77.0,3.25,114,23.99,1.02,2026Q1
20260730,6887,寶綠特-KY,36.05,6.71,114,15.21,0.9,2026Q1
20260730,6890,來億-KY,168.0,5.34,114,16.62,1.69,2026Q1
20260730,6906,現觀科,67.9,2.65,114,34.29,2.93,2026Q1
20260730,6908,宏碁遊戲-創,32.85,3.77,114,24.15,0.96,2026Q1
20260730,6909,創控,37.5,2.67,114,46.3,2.49,2026Q1
20260730,6914,阜爾運通,147.0,5.44,114,15.03,2.82,2026Q1
20260730,6918,愛派司,68.8,7.27,114,13.54,2.05,2026Q1
20260730,6923,中台,75.8,4.0,114,24.69,2.55,2026Q1
20260730,6924,榮惠-KY創,97.0,5.15,114,14.54,3.85,2026Q1
20260730,6931,青松健康,36.2,1.33,114,18.76,2.07,2026Q1
20260730,6933,AMAX-KY,137.5,1.82,114,23.07,2.44,2026Q1
20260730,6936,永鴻生技,31.6,4.78,114,16.72,1.65,2026Q1
20260730,6937,天虹,235.0,0.6,114,72.53,4.62,2026Q1
20260730,6944,兆聯實業,659.0,3.03,114,18.54,5.7,2026Q1
20260730,6947,台鎔科技,68.6,0.87,114,34.47,2.85,2026Q2
20260730,6951,青新-創,70.5,7.52,114,12.26,3.14,2026Q1
20260730,6955,邦睿生技-創,113.0,2.65,114,27.36,4.46,2026Q1
20260730,6957,裕慶-KY,208.0,4.38,114,19.7,5.01,2026Q1
20260730,6962,奕力-KY,29.0,3.45,114,19.86,0.7,2026Q1
20260730,6965,中傑-KY,76.9,6.5,114,47.76,0.98,2026Q1
20260730,6994,富威電力,37.5,8.0,114,5.98,1.15,2026Q1
20260730,7610,聯友金屬-創,1095.0,0.23,114,67.8,25.06,2026Q1
20260730,7631,聚賢研發-創,129.5,2.89,114,17.96,3.06,2026Q1
20260730,7689,大鵬科CLMX,177.5,3.1,114,17.84,6.32,2026Q1
20260730,7705,三商餐飲,29.95,5.34,114,13.43,1.26,2026Q1
20260730,7711,永擎,277.5,3.24,114,24.78,4.19,2026Q1
20260730,7721,微程式,55.7,1.8,114,94.41,2.44,2026Q1
20260730,7722,LINEPAY,267.0,0.75,114,37.87,1.68,2026Q1
20260730,7730,暉盛-創,137.5,1.09,114,71.24,5.22,2026Q1
20260730,7732,金興精密,34.55,4.34,114,19.97,1.24,2026Q1
20260730,7736,虎山,70.3,5.41,114,15.38,1.55,2026Q1
20260730,7740,熙特爾-創,140.5,2.37,114,19.68,5.15,2026Q1
20260730,7749,意騰-KY,305.0,2.95,114,24.48,3.6,2026Q1
20260730,7750,新代,1850.0,0.86,114,46.16,11.62,2026Q1
20260730,7760,享溫馨,34.0,5.88,114,57.63,1.06,2026Q1
20260730,7765,中華資安,223.0,4.34,114,19.44,4.74,2026Q2
20260730,7768,頌勝科技,234.0,1.5,114,76.22,7.49,2026Q1
20260730,7769,鴻勁,5620.0,1.16,114,70.13,16.12,2026Q1
20260730,7780,大研生醫*,16.55,8.7,114,39.4,2.43,2026Q1
20260730,7786,東方風能,122.5,4.57,114,12.51,2.14,2026Q1
20260730,7788,松川精密,173.5,1.15,114,45.9,2.32,2026Q1
20260730,7791,皇家可口,60.0,6.35,114,13.1,1.31,2026Q1
20260730,7795,長廣,332.0,0.65,114,119.0,9.3,2026Q1
20260730,7818,溢泰實業,65.6,3.41,114,11.61,1.21,2026Q1
20260730,7821,神數,39.9,5.01,114,13.34,2.12,2026Q1
20260730,7822,倍利科,729.0,0.96,114,57.09,5.46,2026Q1
20260730,8011,台通,15.6,4.49,114,18.35,0.79,2026Q1
20260730,8016,矽創,254.5,4.52,114,15.99,2.61,2026Q1
20260730,8021,尖點,294.0,0.67,114,84.24,7.92,2026Q1
20260730,8028,昇陽半導體,227.5,1.19,114,50.33,7.52,2026Q1
20260730,8039,台虹,158.0,1.26,114,50.16,3.72,2026Q2
20260730,8045,達運光電,52.4,1.91,114,74.86,2.58,2026Q1
20260730,8046,南電,837.0,0.24,114,177.33,11.58,2026Q1
20260730,8070,長華*,41.55,6.52,114,39.2,1.65,2026Q1
20260730,8072,陞泰,25.7,3.89,114,25.2,0.92,2026Q1
20260730,8081,致新,232.0,6.9,114,13.2,2.74,2026Q1
20260730,8103,瀚荃,67.7,4.14,114,14.59,1.37,2026Q1
20260730,8110,華東,33.75,4.41,114,12.36,1.38,2026Q1
20260730,8112,至上,75.6,5.03,114,9.11,2.15,2026Q1
20260730,8114,振樺電,191.5,5.99,114,12.77,1.92,2026Q1
20260730,8131,福懋科,51.1,1.96,114,25.81,1.79,2026Q1
20260730,8150,南茂,66.0,1.86,114,55.93,1.88,2026Q1
20260730,8162,微矽電子-創,45.5,3.3,114,32.97,2.25,2026Q1
20260730,8163,達方,28.6,1.75,114,56.08,0.78,2026Q1
20260730,8210,勤誠,951.0,1.47,114,28.19,9.45,2026Q1
20260730,8213,志超,28.5,4.0,114,14.77,0.47,2026Q1
20260730,8222,寶一,34.1,1.03,114,55.9,2.52,2026Q1
20260730,8249,菱光,39.5,5.27,114,14.74,0.86,2026Q1
20260730,8261,富鼎,158.0,3.16,114,23.69,3.29,2026Q2
20260730,8271,宇瞻,204.0,2.18,114,5.07,2.78,2026Q2
20260730,8341,日友,75.4,5.31,114,16.04,1.92,2026Q1
20260730,8367,建新國際,40.25,7.08,114,11.43,1.15,2026Q1
20260730,8404,百和興業-KY,16.35,3.06,114,15.0,0.95,2026Q1
20260730,8411,福貞-KY,12.95,0.77,114,129.5,0.47,2026Q1
20260730,8422,可寧衛*,24.35,4.93,114,22.55,2.56,2026Q1
20260730,8438,昶昕,53.7,2.42,114,20.42,1.87,2026Q1
20260730,8442,威宏-KY,43.25,6.94,114,24.16,0.84,2026Q1
20260730,8454,富邦媒,246.5,4.06,114,23.52,6.31,2026Q1
20260730,8462,柏文,172.0,4.23,114,18.53,5.03,2026Q1
20260730,8463,潤泰材,20.8,3.85,114,9.81,1.26,2026Q1
20260730,8464,億豐,382.5,4.18,114,17.32,4.11,2026Q1
20260730,8467,波力-KY,99.7,7.08,114,11.58,1.88,2026Q1
20260730,8473,山林水,40.0,4.7,114,14.04,1.03,2026Q1
20260730,8476,台境*,19.6,1.02,114,46.67,1.7,2026Q1
20260730,8478,東哥遊艇,149.0,4.36,114,9.07,1.46,2026Q1
20260730,8481,政伸,39.9,6.89,114,13.08,1.62,2026Q1
20260730,8482,商億-KY,51.4,3.81,114,21.78,1.68,2026Q1
20260730,8487,愛爾達-創,74.1,6.49,114,13.23,2.66,2026Q1
20260730,8499,鼎炫-KY,227.0,3.52,114,22.75,1.09,2026Q1
20260730,8926,台汽電,58.8,3.61,114,14.41,2.46,2026Q1
20260730,8996,高力,778.0,0.59,114,55.49,15.58,2026Q1
20260730,9802,鈺齊-KY,71.5,7.13,114,12.61,1.06,2026Q1
20260730,9904,寶成,24.0,5.42,114,6.61,0.47,2026Q1
20260730,9905,大華,20.55,5.35,114,14.57,0.74,2026Q1
20260730,9906,欣巴巴,38.0,0.21,114,14.29,2.31,2026Q1
20260730,9907,統一實,15.35,7.69,114,13.83,1.09,2026Q1
20260730,9908,大台北,29.35,4.09,114,16.58,0.99,2026Q1
20260730,9910,豐泰,70.4,5.82,114,15.24,2.6,2026Q1
20260730,9911,櫻花,82.1,6.09,114,12.91,2.89,2026Q1
20260730,9914,美利達,78.4,3.57,114,21.19,1.17,2026Q1
20260730,9917,中保科,111.0,5.59,114,16.37,3.44,2026Q1
20260730,9918,欣天然,42.3,3.55,114,25.03,2.39,2026Q1
20260730,9921,巨大,86.1,2.09,114,215.25,0.98,2026Q1
20260730,9924,福興,39.2,6.38,114,14.2,0.88,2026Q1
20260730,9925,新保,40.6,4.93,114,16.85,1.15,2026Q1
20260730,9926,新海,49.6,4.23,114,18.17,2.0,2026Q1
20260730,9927,泰銘,68.8,7.27,114,14.04,1.59,2026Q1
20260730,9930,中聯資源,63.1,6.34,114,13.34,2.27,2026Q1
20260730,9931,欣高,33.6,5.36,114,14.12,1.17,2026Q1
20260730,9933,中鼎,35.75,2.8,114,8.45,1.55,2026Q1
20260730,9935,慶豐富,19.35,6.2,114,11.8,1.31,2026Q1
20260730,9937,全國,55.5,3.96,114,22.29,2.86,2026Q1
20260730,9938,百和,45.3,6.62,114,13.17,1.05,2026Q1
20260730,9939,宏全,129.0,4.81,114,14.3,2.01,2026Q1
20260730,9940,信義,20.85,2.88,114,56.35,1.16,2026Q1
20260730,9941,裕融,81.4,5.63,114,11.92,1.31,2026Q1
20260730,9942,茂順,112.0,6.25,114,13.64,2.06,2026Q1
20260730,9943,好樂迪,52.8,6.63,114,14.67,1.81,2026Q1
20260730,9944,新麗,17.7,1.69,114,354.0,0.54,2026Q1
20260730,9945,潤泰新,26.7,4.12,114,7.5,0.67,2026Q1
20260730,9946,三發地產,18.05,7.59,114,4.34,0.82,2026Q1
20260730,9958,世紀鋼,101.5,4.43,114,12.95,2.19,2026Q1
